sensors,0.5,1.0,1.5,2.0,2.5,3.0,3.5,4.0,4.5,5.0,5.5,6.0,6.5,7.0,7.5,8.0,8.5,9.0,9.5,10.0,10.5,11.0,11.5,12.0,12.5,13.0,13.5,14.0,14.5,15.0,15.5,16.0,16.5,17.0,17.5,18.0,18.5,19.0,19.5,20.0,20.5,21.0,21.5,22.0,22.5,23.0,23.5,0.0,0.5,1.0,1.5,2.0,2.5,3.0,3.5,4.0,4.5,5.0,5.5,6.0,6.5,7.0,7.5,8.0,8.5,9.0,9.5,10.0,10.5,11.0,11.5,12.0,12.5,13.0,13.5,14.0,14.5,15.0,15.5,16.0,16.5,17.0,17.5,18.0,18.5,19.0,19.5,20.0,20.5,21.0,21.5,22.0,22.5,23.0,23.5,0.0
0.0,21.613888888888894,19.800000000000001,19.880724718446658,19.9584942883426,20.033416890962712,20.105596747311182,18.800000000000001,18.917332446631832,19.030369618950068,19.139268757189257,19.244181345376184,18.300000000000001,18.435636310724419,18.566307284253803,18.692194690302529,18.813473644408688,25.100000000000001,24.986703759065243,24.87755503612302,24.772401999962028,24.671098377566665,24.573503250644123,25.800000000000001,25.661078349335618,25.527242304697793,25.398305693603447,25.274089158921164,25.0,24.890364531883755,24.784742569183763,24.682987186584675,24.584956837373156,22.0,22.000187716439278,22.000368561006169,22.000542785264315,22.000710631568175,21.399999999999999,21.422152353350384,21.443493759370654,21.464053905000242,21.483861390407178,20.800000000000001,20.84411699026149,20.886618957735138,20.927565024736175,20.967012149246187,20.300000000000001,20.362420854354077,20.422556623038872,20.480490957849447,20.536304448278685,19.699999999999999,19.784385491265176,19.865681821403349,19.944002077585367,20.01945520711768,19.100000000000001,19.206350128176283,19.308807019767826,19.407513197321293,19.502605965956683,24.300000000000001,24.21598994161338,24.135055300608997,24.057083492943264,23.981966056018663,24.300000000000001,24.21598994161338,24.135055300608997,24.057083492943264,23.981966056018663,23.600000000000001,23.541615351342998,23.485368032034216,23.431179799301837,23.378975274664164,23.5,23.445276124161516,23.392555565094966,23.341764985924499,23.292833734470669,23.24569374496982,21.800000000000001,21.807509262076316,21.814743627127669,21.821713158509631,21.828427551181179,21.100000000000001,21.133134671805934,21.165056358552889,21.195809464868205,21.225436769826679,20.600000000000001,20.651438535898521,20.700994023856623
1.0,21.456944444444435,21.471807572961747,19.899999999999999,19.975125476744648,20.047343182658754,20.116765664531627,20.183501112970291,20.247653531007796,20.309322896185453,20.368605316361599,20.425593179489699,18.600000000000001,18.725442655996023,18.8460299884478,18.961949925190019,19.073383120212345,19.180503235197367,19.283477210161521,19.382465523620677,19.477622442685899,23.800000000000001,23.724173938990536,23.651282765291636,23.581212882556471,23.513855091244157,23.449104418439102,23.386859954257265,23.327024694584381,23.269505389901123,22.699999999999999,22.666750013741694,22.634786985574671,22.604061103113569,22.574524481987428,22.546131091214889,22.518836681467779,22.492598716111289,22.467376304913287,21.600000000000001,21.609326088492857,21.618291205857705,21.626909323670663,21.635193872730696,21.643157763990676,21.650813408678296,21.6581727376382,21.665247219925451,21.672047880679351,20.5,20.551902163244016,20.601795426140736,20.649757544227757,20.695863263473964,20.740184436766459,20.782790135888806,20.823746759165104,20.863118134937611,19.5,19.590607685745073,19.67770835367077,19.761437744734213,19.841926345967849,19.919299593835358,19.993678069716552,20.065177687825933,20.133909875857764,23.199999999999999,23.147397252491167,23.096830521809654,23.048221002860341,23.001492940740487,22.956573512680443,22.913392714553911,22.871883251780879,22.831980434453214,22.899999999999999,22.859008909241481,22.819604400068663,22.781725063012274,22.745311865488649,22.710308059801108,22.676659094702227,22.644312530379121,22.613217956729255,22.0,21.993843879492434,21.987926034845692,21.982237243468084,21.976768639733145,21.971511701163116,21.966458235147197,21.961600366173865,21.956930523557389,21.952441429639382,20.800000000000001,20.840290506493702
2.0,21.71736111111111,20.0,20.085994415613936,20.168399444038279,20.247364905471294,20.323034366650521,18.899999999999999,19.031908163388859,19.158310510283819,19.279436852202874,19.395507408383956,18.399999999999999,18.552778048741096,18.699179176759063,18.839469555262685,18.973904245535518,19.102727662661639,25.399999999999999,25.260599653809759,25.127017846105627,24.999011712425354,24.876348525413661,24.758805271701718,24.800000000000001,24.685643516232449,24.576060245875926,24.47105095609713,24.370424729995541,24.27399861949829,23.199999999999999,23.15242714935961,23.10683997859671,23.063155605888518,23.021294608880535,22.981180880289124,21.699999999999999,21.715036805416325,21.729445978022444,21.743253715067944,21.756485120335217,21.769164249780534,21.100000000000001,21.140080667839012,21.178488377792739,21.215292958739713,21.250561324917086,21.284357597577095,20.5,20.565124530261699,20.627530777563035,20.687332202411486,20.744637529498963,20.799550945373664,19.699999999999999,19.798516346825277,19.892920643923425,19.98338452730718,20.070072468941461,20.153142075769082,19.100000000000001,19.223560209247964,19.34196304369372,19.45542377097895,19.564148673523331,19.668335423565644,23.5,23.439905218148269,23.382318778711564,23.327135984052635,23.274256506589602,22.699999999999999,22.673297034711847,22.647708645071955,22.623188308948325,22.599691446032093,23.5,23.439905218148269,23.382318778711564,23.327135984052635,23.274256506589602,22.300000000000001,22.289992942993639,22.280403578252148,22.271214471396171,22.26240891575334,22.253970901983969,21.600000000000001,21.619210782486775,21.637619711317495,21.655260255679906,21.672164487765528,21.688363141079961,20.899999999999999,20.948428621979904,20.994835844382834,21.039306039963634
3.0,21.843055555555566,21.857368326098857,20.0,20.105631844278623,20.206029878785532,20.301453426501535,20.392148961562846,19.199999999999999,19.345269965206697,19.483342144853292,19.614573172307846,19.739302010592702,20.5,20.580858018698578,20.657709712493183,20.730753585372593,20.800178305919189,25.800000000000001,25.618255467550103,25.445515949794288,25.281335269405798,25.125289356096424,23.399999999999999,23.337169830334318,23.277452747997561,23.220694506824724,23.166748503185978,22.800000000000001,22.766898421030373,22.735436947548379,22.705534316179456,22.677113289958367,21.699999999999999,21.721400837306472,21.74174131339155,21.761073966663133,21.779448732374416,21.800000000000001,21.816446072190463,21.832077280133078,21.84693399843734,21.86105460124568,21.100000000000001,21.151129428002527,21.199725512942369,21.245913776017865,21.289813519146804,20.699999999999999,20.770948488466562,20.838381645976245,20.902473648921017,20.963390043661729,20.100000000000001,20.200677079162617,20.296365845527067,20.387313458275752,20.473754830434121,19.5,19.630405669858668,19.754350045077882,19.872153267630477,19.984119617206503,25.399999999999999,25.238074528014138,25.084172082828164,24.93789514230895,24.798865880611348,22.0,22.006536541958443,22.012749213616136,22.018654061985764,22.02426633898822,22.300000000000001,22.291672246610418,22.283757113840728,22.276234157308398,22.269083945602024,22.199999999999999,22.196627011726427,22.193421147099201,22.190374125534191,22.187478076730759,22.184725520343182,22.0,22.006536541958443,22.012749213616136,22.018654061985764,22.02426633898822,21.5,21.531310367538488,21.561069379908485,21.589353903114706,21.616236994631876,21.100000000000001,21.151129428002527,21.199725512942369
4.0,21.324305555555558,21.339202183854049,19.699999999999999,19.782662249962193,19.861875851523443,19.937784681432799,20.010526613937305,20.080233771204892,20.147032763299684,20.211044918145578,18.699999999999999,18.824381999938993,18.943574813938916,19.057794933539732,19.167249818308481,19.272138272650938,19.372650806902776,19.468969983356093,24.100000000000001,23.999095350064284,23.902400416895379,23.809739572162304,23.720944514704133,23.635853964842294,23.554313371446078,23.476174631219312,23.300000000000001,23.232471150045722,23.167759586827756,23.105747773847852,23.046323078201077,22.989377565999131,22.934807806328553,22.882514683387726,21.0,21.028426574992356,21.055667200383333,21.081771353693789,21.106786448254777,21.130757919325035,21.153729306615663,20.800000000000001,20.836770524987717,20.872006992866428,20.905773404115177,20.938131089129012,20.969138819614244,20.998852915336283,21.027327346414012,20.0,20.070146324969155,20.137366162798806,20.201781605800722,20.263509652625952,20.322662420771078,20.379347350218755,20.433667398582422,19.0,19.111866074945954,19.219065125214275,19.321791857907652,19.420232856997128,19.514566922217124,19.60496539382185,19.69159246379294,23.5,23.424127200050361,23.351419794344661,23.281745723426464,23.214978437326842,23.150996665709922,23.089684197607934,23.030929670345621,22.5,22.46584695002716,22.43311875676013,22.401755975533394,22.371701641698014,22.342901167155965,22.315302241211025,21.800000000000001,21.795050775010917,21.790308030450959,21.785763152008244,21.781407884757837,21.777234318168198,21.773234871733191,21.769402281203497,21.100000000000001,21.124254599994678,21.14749730414179,21.1697703284831,21.191114127817663,21.211567469180434,21.23116750225536,20.199999999999999
5.0,21.520833333333336,21.535804580306582,19.699999999999999,19.795822806280412,19.887390734773206,19.974892717379774,20.058509296744486,20.138412998767926,18.699999999999999,18.840226408645908,18.974226259601163,19.102276034457567,19.224639938028254,19.341570443480897,24.300000000000001,24.191566235399144,24.087947320564616,23.988929458821946,23.894308346839178,23.803888753088273,23.300000000000001,23.235969837764639,23.174782845392574,23.116312775899736,23.060438988122943,23.007046197801245,22.800000000000001,22.758171638947385,22.718200607806548,22.680004434438629,22.643504308764822,22.608624920157727,21.399999999999999,21.420336682259073,21.439770342565684,21.458341078347534,21.476087206562092,21.493045342755881,21.199999999999999,21.229217402732175,21.257137447531278,21.283817741763094,21.309313334818846,21.33367683169848,20.5,20.560299924388019,20.617922314910842,20.672986063717541,20.725604783717475,20.77588704299755,19.899999999999999,19.986942085807314,20.070023629807615,20.149416053964217,20.225283168487735,20.297781509825334,19.100000000000001,19.222464967699711,19.339492049669982,19.451322707626449,19.558187681514745,19.660307465595707,24.399999999999999,24.287125875162591,24.179263768081817,24.076191127114164,23.977695282710798,23.883573008616974,21.399999999999999,21.420336682259073,21.439770342565684,21.458341078347534,21.476087206562092,21.493045342755881,22.0,21.993694520839778,21.987669027668911,21.981911088100858,21.976408821791832,21.9711508759281,21.5,21.515896322022527,21.531086790082892,21.545602746639759,21.559474142433718,21.572729598284589,21.399999999999999,21.420336682259073,21.439770342565684,21.458341078347534,21.476087206562092,21.493045342755881,20.699999999999999,20.751419203914921,20.800555209945255,20.847509400301988
6.0,21.248611111111117,19.399999999999999,19.492746560614272,19.581523792644141,19.66650157375738,18.600000000000001,18.726984626656733,18.848534618271152,18.96488256408513,18.0,18.152663176188579,18.298792737491411,18.438668306830941,21.899999999999999,21.885752604231588,21.872114962559738,21.85906097898317,24.100000000000001,23.991597922614826,23.887835192085465,23.788513255581869,23.693442057855115,24.699999999999999,24.565919373082977,24.437577072865203,24.31472751283605,22.5,22.460074054699742,22.421856843339484,22.385275236237362,22.0,21.981472845976281,21.963738609356366,21.946763355192207,20.600000000000001,20.641389461550585,20.681007554203632,20.718930088265765,20.699999999999999,20.737109703295275,20.772631201000252,20.806632464474792,20.300000000000001,20.354228736316507,20.406136613813761,20.45582295963867,19.899999999999999,19.971347769337736,20.039642026627263,20.105013454802542,19.399999999999999,19.492746560614272,19.581523792644141,19.66650157375738,18.899999999999999,19.014145351890811,19.123405558661027,19.227989692712228,19.328097878652631,18.600000000000001,18.726984626656733,18.848534618271152,18.96488256408513,24.800000000000001,24.661639614827671,24.52920071966183,24.402429889045088,23.399999999999999,23.321556230401974,23.246469664509096,23.174596622118646,21.899999999999999,21.885752604231588,21.872114962559738,21.85906097898317,22.100000000000001,22.077193087720975,22.055362256152989,22.034465731401237,21.899999999999999,21.885752604231588,21.872114962559738,21.85906097898317,21.399999999999999,21.407151395508123,21.41399672857662,21.420549097938014,20.899999999999999,20.928550186784662,20.955878494593502,20.982037216892856,20.300000000000001,20.354228736316507,20.406136613813761,20.45582295963867,19.899999999999999
7.0,21.538888888888881,19.600000000000001,19.692729405486965,19.781677639662455,19.866998885079589,18.800000000000001,18.925350525327985,19.045589707519895,19.16092596874697,18.199999999999999,18.349816365208749,18.493523758412973,18.631371281497504,22.300000000000001,22.282633126023512,22.26597441064359,22.249994977702173,24.399999999999999,24.297002686440827,24.198205232517804,24.103436383075294,25.199999999999999,25.064381566599806,24.934293164660364,24.809509299407914,23.300000000000001,23.241856726222235,23.186084325821788,23.132586123117946,22.5,22.474477846063259,22.449996393679232,22.42651320678533,21.399999999999999,21.41933188584466,21.437875486983206,21.455662946827974,20.800000000000001,20.84379772572543,20.885809537876291,20.926108259578513,20.300000000000001,20.364185925626067,20.42575458028719,20.484812686870626,19.899999999999999,19.980496485546578,20.05771061421591,20.131776228704314,20.202821714084813,19.300000000000001,19.404962325427345,19.505644665108992,19.602221541454853,18.800000000000001,18.925350525327985,19.045589707519895,19.16092596874697,19.271559232474665,18.5,18.637583445268369,18.769556732966436,18.896148625122237,25.399999999999999,25.256226286639549,25.118315147696002,24.986027528491064,23.800000000000001,23.721468526321598,23.646139283410889,23.573881695825833,22.399999999999999,22.378555486043382,22.357985402161408,22.338254092243748,22.399999999999999,22.378555486043382,22.357985402161408,22.338254092243748,22.0,21.994866045963896,21.989941436090128,21.98521763407744,21.399999999999999,21.41933188584466,21.437875486983206,21.455662946827974,20.800000000000001,20.84379772572543,20.885809537876291,20.926108259578513,20.300000000000001,20.364185925626067,20.42575458028719,20.484812686870626,19.800000000000001
8.0,21.279861111111114,21.292761241167177,19.199999999999999,19.29173014834516,19.379983579310935,19.464892065972524,19.546582386997631,19.625176515942389,18.399999999999999,18.522051410805606,18.639476880535334,18.752451739656042,18.861144673333211,18.965717973298354,22.899999999999999,22.85149430946559,22.804827061148082,22.759928575186251,22.716731812695578,22.675172275671056,24.199999999999999,24.102222257967366,24.008150446658433,23.917644105450535,23.83056809740026,23.746792407467613,23.66619194838778,22.100000000000001,22.08181557192604,22.064320362372484,22.047488248869772,22.031294099031157,22.01571373302702,22.000723887481435,20.800000000000001,20.831087623424267,20.860996976862136,20.889772718605489,20.917457814326475,20.944093601230463,20.5,20.542458096846936,20.583306964821286,20.622607596236808,20.660418671702317,20.69679664773895,19.899999999999999,19.965199043692269,20.027926940739583,20.088277351499443,20.146340386453996,20.202202740755915,20.255947823674777,19.0,19.099310463960272,19.194856904617033,19.286781984393404,19.375222958581524,19.460311880281377,18.5,18.618261252998053,18.732040217882286,18.841506780445602,18.946824387541263,19.048150291128856,24.300000000000001,24.19843210015981,24.100713784005382,24.006699146240095,23.916247811608315,23.829224725298118,21.600000000000001,21.600766360963821,21.601503675637737,21.602213044921971,21.602895527990896,21.603552143874499,21.600000000000001,21.600766360963821,21.601503675637737,21.602213044921971,21.602895527990896,21.603552143874499,21.300000000000001,21.312136834386486,21.323813663596884,21.335047922553287,21.345856385366734,21.356255190382981,20.5,20.542458096846936,20.583306964821286,20.622607596236808,20.660418671702317,20.69679664773895,19.800000000000001
9.0,18.399999999999999,18.497682394233181,18.592452717264891,18.684397782678566,17.5,17.624512859455699,17.745313787860972,17.862513443923547,16.800000000000001,16.945380999073208,17.08642795388014,17.223270069336309,19.0,19.079795417418168,19.15721200353417,19.23232067518191,20.699999999999999,20.729115649775636,20.75736331463046,20.784768870608055,22.199999999999999,22.184398207738113,22.169261530303665,22.699999999999999,22.669492393725605,22.639894268861397,22.611178512285875,22.600000000000001,22.572473556528109,22.545767721149851,22.519858030201988,21.800000000000001,21.796322858948123,21.792755339457479,21.789294173530863,21.899999999999999,21.893341696145619,21.886881887169025,21.88061465561475,20.699999999999999,20.729115649775636,20.75736331463046,20.784768870608055,19.899999999999999,19.95296495219565,20.004350932938088,20.054205013936929,19.100000000000001,19.176814254615671,19.251338551245716,19.323641157265804,18.699999999999999,18.788738905825674,18.87483236039953,18.958359228930242,17.899999999999999,18.012588208245688,18.121819978707151,18.227795372259109,18.0,18.109607045443191,18.215946526418705,18.319115854343003,20.699999999999999,20.729115649775636,20.75736331463046,20.784768870608055,22.399999999999999,22.378435882133111,22.357514625726758,22.337217066034206,22.199999999999999,22.184398207738113,22.169261530303665,22.154576101866425,22.399999999999999,22.378435882133111,22.357514625726758,22.800000000000001,22.766511230923101,22.734020816572936,22.702498994369762,21.5,21.505266347355629,21.510375696322839,21.515332727279187,21.100000000000001,21.117190998565633,21.133869505476646,21.150050798943617,19.899999999999999,19.95296495219565,20.004350932938088,20.054205013936929,20.0,20.049983789393153
10.0,17.0,17.093118583574231,17.183990819199099,16.300000000000001,16.410005047094149,16.517356385310066,15.800000000000001,15.922066806751237,16.04118893253219,16.15743741341112,15.4,15.531716214476907,15.660254970309889,15.785692918983916,21.600000000000001,21.582150394729037,21.564731384755579,20.0,20.020748025631711,20.040995535866365,21.300000000000001,21.289387450523289,21.27903091308885,22.300000000000001,22.265263931209116,22.231365818644605,22.198285447853259,22.5,22.460439227346281,22.421832799755755,22.0,21.972500987003365,21.945665346977876,20.600000000000001,20.606273914043211,20.612396479199823,21.0,20.996624506317538,20.99333044142212,19.5,19.532809785288798,19.564828083088489,19.300000000000001,19.337634489151633,19.374361101977335,18.699999999999999,18.752108600740137,18.802960158643884,18.399999999999999,18.459345656534385,18.517259686977155,18.100000000000001,18.166582712328641,18.23155921531043,16.899999999999999,16.995530935505645,17.088757328643521,17.179734773085944,17.199999999999999,17.288293879711393,17.374457800310246,19.0,19.044871544945885,19.08866063031061,20.5,20.508686265974625,20.517162988644245,20.52543522293082,22.300000000000001,22.265263931209116,22.231365818644605,22.199999999999999,22.16767628314053,22.136132328089026,22.199999999999999,22.16767628314053,22.136132328089026,23.199999999999999,23.143552763826357,23.088467233644781,21.699999999999999,21.679738042797617,21.65996487531115,20.600000000000001,20.606273914043211,20.612396479199823,20.100000000000001,20.118335673700297,20.136229026421944,19.399999999999999,19.435222137220215,19.469594592532911,19.199999999999999,19.24004684108305,19.27912761142176,18.600000000000001
11.0,20.751388888888897,18.0,18.104779060867582,18.205853524725296,18.303354372313873,17.399999999999999,17.525992824261863,17.647531011918279,17.764772062314172,17.0,17.140135333191388,17.275316003380272,17.405717188981043,20.0,20.034066516219969,20.066928567415342,20.098628738979532,19.300000000000001,19.358815906846633,19.415552302473827,19.470282710646554,20.5,20.516388380058068,20.532197328087854,20.547447330645948,21.899999999999999,21.866889598804736,21.834949857970884,21.804139387311906,21.0,20.998710243896163,20.997466088760365,20.996265922312361,20.399999999999999,20.419924007290447,20.439143575953352,20.457683612312664,20.5,20.516388380058068,20.532197328087854,20.547447330645948,19.899999999999999,19.937602143452349,19.973874815280841,20.008865020646251,19.399999999999999,19.45528027961425,19.508606054608325,19.560046428979831,19.0,19.069422788543775,19.136391046070319,19.200991555646702,18.300000000000001,18.39417217917044,18.485014781128804,18.572645527313725,18.100000000000001,18.201243433635202,18.298907276859801,18.39311809064716,19.0,19.069422788543775,19.136391046070319,19.200991555646702,21.199999999999999,21.191638989431404,21.183573593029372,21.175793358978929,21.600000000000001,21.577496480501882,21.555788601567382,21.534848232312061,21.699999999999999,21.673960853269499,21.64884235370188,21.624611950645342,21.300000000000001,21.288103362199024,21.276627345163874,21.265557077312213,21.300000000000001,21.288103362199024,21.276627345163874,21.265557077312213,20.800000000000001,20.805781498360925,20.811358584491362,20.816738485645796,20.199999999999999,20.226995261755206,20.253036071684345,20.278156175646096,19.699999999999999,19.744673397917111,19.787767311011837
12.0,21.309027777777786,18.199999999999999,18.346375826553047,18.486223290194665,17.699999999999999,17.868675830130005,18.02982871702952,17.100000000000001,17.295435834422356,17.482155229231342,16.899999999999999,17.104355835853138,17.299597399965283,20.199999999999999,20.257175812245212,20.311801582855256,20.399999999999999,20.448255810814427,20.494359412121312,22.199999999999999,22.167975797937377,22.137379875515844,23.100000000000001,23.027835791498852,22.958890107213112,23.899999999999999,23.792155785775716,23.689121424277342,22.600000000000001,22.550135795075811,22.502495534047963,21.699999999999999,21.690275801514336,21.680985302350695,21.0,21.021495806522076,21.042032899919487,20.899999999999999,20.925955807237468,20.950753985286461,20.199999999999999,20.257175812245212,20.311801582855256,19.800000000000001,19.875015815106778,19.946685924323138,19.399999999999999,19.492855817968344,19.581570265791019,19.100000000000001,19.206235820114522,19.307733521891933,18.5,18.632995824406869,18.760060034093751,17.899999999999999,18.05975582869922,18.212386546295576,17.899999999999999,18.05975582869922,18.212386546295576,19.0,19.11069582082991,19.2164546072589,21.600000000000001,21.594735802229728,21.589706387717669,22.800000000000001,22.741215793645026,22.685053363314019,22.199999999999999,22.167975797937377,22.137379875515844,22.600000000000001,22.550135795075811,22.502495534047963,22.5,22.454595795791199,22.41121661941493,22.300000000000001,22.263515797221984,22.228658790148874,21.5,21.499195802945117,21.498427473084636,21.5,21.499195802945117,21.498427473084636,20.899999999999999,20.925955807237468,20.950753985286461,20.199999999999999,20.257175812245212,20.311801582855256,19.800000000000001,19.875015815106778
13.0,20.765277777777786,17.300000000000001,17.628941977079659,17.100000000000001,17.0,16.800000000000001,16.600000000000001,16.994037485620044,16.199999999999999,16.631234919071691,16.300000000000001,16.300000000000001,20.100000000000001,20.168559942918122,18.300000000000001,18.800000000000001,18.989451601635977,20.399999999999999,21.0,21.5,21.438368925837349,22.100000000000001,21.982572775659879,22.699999999999999,23.0,22.798878550393667,23.0,22.798878550393667,21.600000000000001,21.300000000000001,20.899999999999999,20.894165076014822,20.100000000000001,20.168559942918122,19.899999999999999,20.899999999999999,20.600000000000001,20.622063151103561,20.100000000000001,19.600000000000001,19.715056734732681,19.600000000000001,19.715056734732681,19.100000000000001,19.199999999999999,18.899999999999999,19.080152243273066,18.600000000000001,18.808050318361804,18.600000000000001,18.5,18.399999999999999,18.626649035087624,17.600000000000001,17.399999999999999,17.199999999999999,17.100000000000001,17.447540693805486,17.399999999999999,17.5,18.300000000000001,18.535948393450539,18.800000000000001,19.899999999999999,19.987158659643942,21.100000000000001,21.600000000000001,21.529069567474441,21.899999999999999,21.699999999999999,21.619770209111525,21.300000000000001,21.256967642563176,21.800000000000001,21.600000000000001,21.529069567474441,21.600000000000001,21.529069567474441,21.600000000000001,21.300000000000001,20.899999999999999,20.894165076014822,20.600000000000001,21.699999999999999,21.619770209111525,21.399999999999999,20.899999999999999,20.894165076014822,20.399999999999999,20.199999999999999,20.0,20.07785930128103,19.600000000000001,19.715056734732681,19.199999999999999,18.899999999999999
14.0,21.23402777777779,19.0,19.201072879786949,18.600000000000001,18.834410477057396,18.300000000000001,18.55941367501023,17.899999999999999,18.192751272280674,18.461103484522088,17.600000000000001,17.917754470233511,19.800000000000001,19.934397685246058,20.057594130730081,20.100000000000001,20.209394487293221,20.309671601183972,22.0,21.951040900258601,22.300000000000001,22.226037702305767,22.158239717845852,23.699999999999999,23.509356111859205,24.100000000000001,23.876018514588761,23.670704540569211,22.399999999999999,22.317703302988154,21.699999999999999,21.676044098211435,21.0,21.034384893434716,21.065904012545648,22.0,21.951040900258601,21.906162247391958,21.399999999999999,21.401047296164268,20.899999999999999,20.942719292752326,20.699999999999999,20.759388091387549,20.399999999999999,20.484391289340383,20.0,20.117728886610834,19.800000000000001,19.934397685246058,19.5,19.659400883198892,19.805516660276187,18.800000000000001,19.017741678422173,18.5,18.742744876375006,18.965258425429877,18.300000000000001,18.55941367501023,18.899999999999999,19.109407279104559,20.0,20.117728886610834,22.0,21.951040900258601,22.600000000000001,22.501034504352933,22.410317188299747,22.399999999999999,22.317703302988154,21.899999999999999,21.859375299576211,21.822136423907327,22.300000000000001,22.226037702305767,22.158239717845852,22.300000000000001,22.226037702305767,22.0,21.951040900258601,21.906162247391958,21.5,21.492712896846658,22.100000000000001,22.042706500940991,21.699999999999999,21.676044098211435,21.654084776938063,21.0,21.034384893434716,20.5,20.576056890022773,20.645774895122493,20.100000000000001,20.209394487293221
15.0,22.420833333333334,19.5,19.634639953771128,19.763747608792265,18.800000000000001,18.963402657682757,19.120091169277941,18.300000000000001,18.48394744619106,18.660336569624846,17.899999999999999,18.100383276997697,18.292532889902361,22.100000000000001,22.127807053527953,22.154471526988367,24.5,24.429192068688096,24.361293605323219,26.199999999999999,26.059339787759868,25.924459244143748,27.5,27.305923337638276,27.119821203241791,28.199999999999999,27.977160633726655,27.763477642756129,25.300000000000001,25.196320407074815,25.096900964768174,23.600000000000001,23.566172688003043,23.533735325947653,22.199999999999999,22.223698095826293,22.246422446918984,22.100000000000001,22.127807053527953,22.154471526988367,21.399999999999999,21.456569757439574,21.510815087474029,20.899999999999999,20.977114545947877,21.051060487820934,20.399999999999999,20.497659334456181,20.591305888167838,20.0,20.114095165262825,20.22350220844536,19.399999999999999,19.538748911472787,19.671796688861647,18.699999999999999,18.867511615384416,19.028140249347317,18.5,18.675729530787734,18.844238409486074,22.800000000000001,22.799044349616331,22.798127966502697,25.5,25.388102491671489,25.28080280462941,26.5,26.347012914654883,26.200312003935601,24.699999999999999,24.620974153284777,24.545195445184461,25.699999999999999,25.579884576268171,25.464704644490652,24.300000000000001,24.237409984091421,24.177391765461984,23.699999999999999,23.662063730301384,23.625686245878271,22.300000000000001,22.319589138124634,22.338373366849609,22.300000000000001,22.319589138124634,22.338373366849609,21.600000000000001,21.648351842036256,21.694716927335271,20.800000000000001,20.881223503649544,20.959109567890323,20.300000000000001,20.401768292157847
16.0,19.399999999999999,19.573560631416566,18.800000000000001,19.008712113253651,18.399999999999999,18.632146434478368,18.100000000000001,18.349722175396913,17.699999999999999,17.973156496621634,17.399999999999999,17.690732237540175,20.300000000000001,20.420833408660943,22.800000000000001,22.774368901006433,24.699999999999999,24.563055875189004,25.800000000000001,25.598611491821021,26.100000000000001,25.88103575090248,26.899999999999999,26.634167108453035,27.399999999999999,27.104874206922133,26.199999999999999,25.9751771705963,24.399999999999999,24.280631616107545,23.600000000000001,23.527500258556991,22.600000000000001,22.586086061618797,22.0,22.021237543455875,21.899999999999999,21.927096123762055,21.399999999999999,21.456389025292957,21.0,21.079823346517681,20.600000000000001,20.703257667742403,20.399999999999999,20.514974828354763,20.0,20.138409149579484,19.699999999999999,19.855984890498025,19.300000000000001,19.47941921172275,18.899999999999999,19.102853532947467,18.399999999999999,18.632146434478368,18.100000000000001,18.349722175396913,18.0,18.255580755703093,19.600000000000001,19.761843470804209,23.899999999999999,23.809924517638446,25.699999999999999,25.504470072127202,26.100000000000001,25.88103575090248,25.199999999999999,25.033762973658103,24.0,23.90406593733227,24.100000000000001,23.998207357026089,24.0,23.90406593733227,23.800000000000001,23.71578309794463,23.699999999999999,23.621641678250811,23.199999999999999,23.150934579781712,22.199999999999999,22.209520382843515,22.199999999999999,22.209520382843515,21.5,21.55053044498678,21.0,21.079823346517681,20.600000000000001,20.703257667742403,20.199999999999999,20.326691988967124,19.800000000000001,19.950126310191845
17.0,19.800000000000001,19.985554016402261,19.300000000000001,19.0,18.899999999999999,18.699999999999999,18.5,18.300000000000001,18.100000000000001,18.100000000000001,18.0,17.899999999999999,22.399999999999999,29.899999999999999,30.600000000000001,31.600000000000001,33.200000000000003,33.799999999999997,34.200000000000003,34.399999999999999,34.700000000000003,34.600000000000001,34.700000000000003,35.200000000000003,35.399999999999999,36.100000000000001,30.800000000000001,26.800000000000001,26.0,25.600000000000001,24.899999999999999,24.300000000000001,23.800000000000001,23.399999999999999,23.100000000000001,23.100000000000001,22.699999999999999,22.5,22.300000000000001,22.100000000000001,21.899999999999999,21.699999999999999,21.399999999999999,21.199999999999999,21.100000000000001,20.899999999999999,20.800000000000001,20.600000000000001,20.399999999999999,20.199999999999999,20.100000000000001,19.800000000000001,19.399999999999999,19.100000000000001,18.899999999999999,18.699999999999999,18.5,18.5,18.5,18.5,22.800000000000001,30.899999999999999,32.200000000000003,33.799999999999997,34.399999999999999,34.600000000000001,35.200000000000003,34.5,31.600000000000001,29.100000000000001,27.300000000000001,27.199999999999999,28.0,28.300000000000001,25.600000000000001,25.199999999999999,25.0,25.100000000000001,24.899999999999999,24.699999999999999,24.399999999999999,23.899999999999999,23.399999999999999,23.300000000000001,23.0,22.699999999999999,22.5,22.300000000000001,22.0,21.699999999999999,21.5,21.199999999999999,21.199999999999999,21.0,20.699999999999999,20.399999999999999
18.0,19.600000000000001,19.775677875586798,19.0,18.800000000000001,18.600000000000001,18.399999999999999,18.199999999999999,18.0,17.800000000000001,17.699999999999999,17.600000000000001,17.5,22.399999999999999,27.300000000000001,28.300000000000001,29.5,31.0,31.699999999999999,32.100000000000001,32.5,32.799999999999997,32.899999999999999,33.100000000000001,33.399999999999999,33.5,33.799999999999997,29.399999999999999,26.5,25.800000000000001,25.399999999999999,24.800000000000001,24.199999999999999,23.600000000000001,23.199999999999999,22.800000000000001,22.699999999999999,22.399999999999999,22.100000000000001,21.899999999999999,21.600000000000001,21.5,21.300000000000001,21.100000000000001,21.0,20.899999999999999,20.699999999999999,20.600000000000001,20.399999999999999,20.0,19.800000000000001,19.699999999999999,19.399999999999999,19.0,18.699999999999999,18.5,18.300000000000001,18.100000000000001,18.100000000000001,18.100000000000001,18.100000000000001,22.100000000000001,28.5,30.0,31.800000000000001,32.0,32.200000000000003,32.799999999999997,31.899999999999999,29.300000000000001,27.5,26.100000000000001,26.0,26.600000000000001,27.199999999999999,25.399999999999999,25.100000000000001,25.0,25.0,24.800000000000001,24.600000000000001,24.199999999999999,23.699999999999999,23.100000000000001,22.899999999999999,22.5,22.300000000000001,22.0,21.600000000000001,21.199999999999999,21.0,20.800000000000001,20.5,20.399999999999999,20.300000000000001,20.0,19.699999999999999
19.0,20.0,20.135011853729306,19.5,19.65036828237464,19.100000000000001,19.262653425290907,18.699999999999999,18.87493856820717,18.300000000000001,18.487223711123438,18.100000000000001,18.293366282581569,20.600000000000001,20.716584139354911,25.600000000000001,25.56301985290159,28.699999999999999,28.567809995300529,30.399999999999999,30.215598137906401,31.0,30.797170423532002,31.399999999999999,31.184885280615735,32.100000000000001,31.863386280512273,29.699999999999999,29.537097138009866,26.800000000000001,26.726164424152792,25.600000000000001,25.56301985290159,24.300000000000001,24.302946567379454,23.5,23.527516853211981,23.0,23.042873281857315,22.5,22.558229710502648,22.199999999999999,22.267443567689845,21.699999999999999,21.782799996335179,21.5,21.58894256779331,21.100000000000001,21.201227710709578,20.800000000000001,20.910441567896775,20.5,20.619655425083973,19.600000000000001,19.747296996645574,19.100000000000001,19.262653425290907,18.699999999999999,18.87493856820717,18.699999999999999,18.87493856820717,21.100000000000001,21.201227710709578,27.600000000000001,27.501594138320261,29.899999999999999,29.730954566551731,30.899999999999999,30.700241709261068,29.300000000000001,29.149382280926133,26.699999999999999,26.629235709881858,27.300000000000001,27.210807995507462,26.5,26.43537828133999,25.600000000000001,25.56301985290159,25.399999999999999,25.369162424359718,24.800000000000001,24.787590138734121,23.699999999999999,23.72137428175385,23.100000000000001,23.139801996128249,22.600000000000001,22.655158424773582,22.0,22.073586139147977,21.5,21.58894256779331,21.199999999999999,21.298156424980508,20.699999999999999,20.813512853625841
20.0,19.300000000000001,19.468724897697864,18.800000000000001,18.984542548402153,18.300000000000001,18.100000000000001,18.0,18.209850789529014,17.5,17.725668440233303,17.399999999999999,17.628831970374158,22.100000000000001,22.180146053753845,26.899999999999999,28.5,28.377680124738944,32.200000000000003,31.960629509527209,33.899999999999999,33.606849497132622,35.0,34.672050665583185,35.399999999999999,35.600000000000001,35.253069484738042,32.100000000000001,31.863793039668067,28.0,27.300000000000001,26.199999999999999,26.150441317978675,24.399999999999999,24.407384860514114,23.300000000000001,23.100000000000001,22.699999999999999,22.761164872908697,22.100000000000001,22.180146053753845,21.699999999999999,21.5,21.599127234598992,21.100000000000001,21.0,20.800000000000001,20.921271945584994,20.5,20.63076253600757,19.899999999999999,20.049743716852714,19.5,19.662397837416147,18.5,18.300000000000001,18.500360199106442,17.899999999999999,18.113014319669869,17.899999999999999,18.113014319669869,18.199999999999999,18.403523729247297,28.899999999999999,28.765026004175514,31.300000000000001,31.089101280794928,32.399999999999999,32.154302449245485,29.699999999999999,28.300000000000001,28.184007185020661,27.0,26.925133076851811,29.899999999999999,28.5,28.377680124738944,26.800000000000001,26.731460137133528,25.899999999999999,25.600000000000001,25.569422498823823,24.300000000000001,24.310548390654972,23.199999999999999,23.245347222204408,22.5,22.567491933190414,21.800000000000001,21.889636644176417,21.0,21.114944885303281,20.399999999999999,20.399999999999999,20.533926066148425,19.899999999999999,20.049743716852714
21.0,19.5,19.667895122670544,19.0,18.699999999999999,18.5,18.399999999999999,18.199999999999999,18.0,17.800000000000001,17.800000000000001,17.699999999999999,17.600000000000001,21.899999999999999,26.800000000000001,28.199999999999999,29.5,31.199999999999999,32.5,33.299999999999997,34.200000000000003,35.299999999999997,35.799999999999997,36.200000000000003,36.399999999999999,36.399999999999999,36.200000000000003,32.700000000000003,29.800000000000001,29.654118441316378,27.899999999999999,26.699999999999999,25.699999999999999,24.899999999999999,24.300000000000001,23.600000000000001,23.100000000000001,22.600000000000001,22.199999999999999,21.899999999999999,21.699999999999999,21.600000000000001,21.399999999999999,21.199999999999999,21.100000000000001,21.0,20.800000000000001,20.600000000000001,20.399999999999999,20.0,19.899999999999999,19.800000000000001,19.5,19.100000000000001,18.800000000000001,18.5,18.300000000000001,18.199999999999999,18.199999999999999,18.199999999999999,18.199999999999999,21.100000000000001,27.600000000000001,29.300000000000001,31.5,32.100000000000001,32.200000000000003,33.0,32.399999999999999,30.399999999999999,28.899999999999999,27.600000000000001,27.199999999999999,28.5,29.800000000000001,29.100000000000001,28.199999999999999,27.300000000000001,27.199999999999999,26.300000000000001,25.899999999999999,25.300000000000001,24.5,23.600000000000001,22.800000000000001,22.5,22.199999999999999,22.0,21.699999999999999,21.300000000000001,21.0,20.800000000000001,20.5,20.399999999999999,20.300000000000001,20.0,19.699999999999999
22.0,19.399999999999999,19.511930369063382,19.620834855629088,18.600000000000001,18.733557261017729,18.199999999999999,18.344370706994898,17.800000000000001,17.95518415297207,17.5,17.663294237454949,17.300000000000001,17.468700960443535,24.199999999999999,24.182169017337326,26.399999999999999,26.322695064462884,29.0,28.852407665611274,30.800000000000001,30.603747158714004,32.600000000000001,32.355086651816734,32.899999999999999,32.646976567333851,32.5,32.257790013311023,27.899999999999999,27.782144642048493,26.5,26.419991702968595,25.100000000000001,25.057838763888693,23.699999999999999,23.695685824808791,22.5,22.528126162740307,21.800000000000001,21.847049693200358,21.399999999999999,21.457863139177526,21.100000000000001,21.165973223660409,20.600000000000001,20.67949003113187,20.399999999999999,20.484896754120456,20.100000000000001,20.193006838603335,19.600000000000001,19.7065236460748,19.199999999999999,19.317337092051968,18.699999999999999,18.830853899523433,18.300000000000001,18.441667345500605,18.0,18.149777429983484,17.899999999999999,18.052480791477773,24.899999999999999,24.863245486877279,27.800000000000001,27.684848003542786,28.699999999999999,28.560517750094149,29.300000000000001,29.144297581128395,26.399999999999999,26.322695064462884,25.399999999999999,25.349728679405814,25.300816374335245,27.600000000000001,27.490254726531372,27.383476264527502,26.199999999999999,26.12810178745147,25.199999999999999,25.1551354023944,23.800000000000001,23.792982463314502,22.5,22.528126162740307,21.800000000000001,21.847049693200358,21.300000000000001,21.360566500671823,20.699999999999999,20.776786669637577,20.100000000000001,20.193006838603335,19.899999999999999,19.998413561591917,19.300000000000001
23.0,20.100000000000001,20.188671121342029,20.275018171143554,19.199999999999999,19.312260136060669,19.421577932119281,18.699999999999999,18.82536514423769,18.947444465994682,18.199999999999999,18.338470152414711,18.473310999870087,20.0,20.091292122977435,20.180191477918637,25.800000000000001,25.739274028123987,25.680139684963958,29.399999999999999,29.244917969249428,29.093900641061051,31.699999999999999,31.484634931635131,31.274914585234196,32.399999999999999,32.166287920187301,31.938701437808632,28.0,27.881611992145089,27.766326935912179,26.0,25.934032024853177,25.869793071413795,24.0,23.986452057561262,23.973259206915408,22.899999999999999,22.915283075550708,22.930165581441294,22.100000000000001,22.136251088633944,22.171552035641941,21.699999999999999,21.746735095175559,21.792245262742259,21.300000000000001,21.357219101717178,21.412938489842585,20.800000000000001,20.870324109894199,20.938805023717986,20.100000000000001,20.188671121342029,20.275018171143554,19.100000000000001,19.214881137696075,19.326751238894364,18.600000000000001,18.727986145873096,18.852617772769765,20.899999999999999,20.967703108258792,21.033631716942907,26.699999999999999,26.615685013405347,26.533579923988231,28.899999999999999,28.75802297742645,28.619767174936452,26.699999999999999,26.615685013405347,26.533579923988231,26.399999999999999,26.323548018311559,26.24909984431347,26.800000000000001,26.713064011769944,26.628406617213152,25.800000000000001,25.739274028123987,25.680139684963958,24.199999999999999,24.181210054290453,24.162912593365245,22.800000000000001,22.817904077186114,22.835338888216377,22.0,22.038872090269347,22.076725342417021,21.0,21.06508210662339,21.128458410167827,20.5,20.578187114800411,20.654324944043228
24.0,18.899999999999999,19.018130049453035,18.399999999999999,18.530904984268716,18.0,18.141124932121258,17.600000000000001,17.751344879973807,17.199999999999999,17.361564827826349,17.0,17.16667480175262,19.199999999999999,19.310465088563625,24.5,24.475050779517403,27.699999999999999,27.593291196697038,30.699999999999999,30.516641587802951,32.5,32.270651822466498,33.600000000000001,33.342546965871996,33.600000000000001,33.342546965871996,31.0,30.808976626913541,28.100000000000001,27.983071248844496,26.0,25.936725975070352,24.399999999999999,24.377605766480535,22.800000000000001,22.818485557890718,21.800000000000001,21.84403542752208,21.199999999999999,21.2593653493009,20.800000000000001,20.869585297153442,20.399999999999999,20.479805245005984,20.100000000000001,20.187470205895401,19.800000000000001,19.895135166784804,19.399999999999999,19.505355114637354,19.100000000000001,19.213020075526764,18.5,18.628349997305577,18.0,18.141124932121258,17.699999999999999,17.848789893010668,17.699999999999999,17.848789893010668,19.899999999999999,19.992580179821665,25.300000000000001,25.254610883812312,28.600000000000001,28.470296314028815,29.899999999999999,29.737081483508035,27.800000000000001,27.690736209733906,25.800000000000001,25.741835948996631,26.899999999999999,26.813731092402129,28.399999999999999,28.275406287955086,26.699999999999999,26.6188410663284,25.899999999999999,25.839280962033492,24.699999999999999,24.669940805591125,22.899999999999999,22.915930570927578,21.800000000000001,21.84403542752208,21.300000000000001,21.356810362337761,20.5,20.577250258042852,19.800000000000001,19.895135166784804,19.600000000000001,19.700245140711083,19.0,19.115575062489896
25.0,19.699999999999999,19.801708423298965,19.900742158336669,18.800000000000001,18.92537627063211,19.047455445228085,18.199999999999999,18.341154835520872,18.478597636489027,17.699999999999999,17.854303639594839,18.004549462539813,20.5,20.580670336780614,20.65921923665541,26.100000000000001,26.033403731152163,25.968558784886596,29.600000000000001,29.441362102634375,29.286896002531087,31.399999999999999,31.194026407968085,30.993469428748252,32.399999999999999,32.167728799820146,31.941565776646677,28.0,27.883438275671079,27.769941845893605,25.899999999999999,25.838663252781746,25.778939515306909,23.899999999999999,23.891258469077624,23.882746819510057,22.5,22.528075120484736,22.555411932452259,21.800000000000001,21.846483446188294,21.891744488923361,21.199999999999999,21.262262011077055,21.322886680184304,20.899999999999999,20.970151293521436,21.038457775814777,20.399999999999999,20.483300097595407,20.564409601865567,19.600000000000001,19.704338184113759,19.805932523546826,18.800000000000001,18.92537627063211,19.047455445228085,18.399999999999999,18.535895313891285,18.668216906068714,21.0,21.067521532706646,21.133267410604624,27.0,26.909735883819014,26.821845497995177,29.699999999999999,29.538732341819582,29.381705637320927,26.899999999999999,26.812365644633807,26.727035863205334,26.300000000000001,26.228144209522572,26.15817805446628,26.699999999999999,26.617625166263394,26.537416593625647,25.699999999999999,25.643922774411333,25.589320245727222,24.0,23.98862870826283,23.977556454299901,22.5,22.528075120484736,22.555411932452259,21.699999999999999,21.749113207003088,21.796934854133521,20.600000000000001,20.67804057596582,20.75402887144525,20.100000000000001,20.191189380039791,20.27998069749604
26.0,19.0,19.108108604191447,19.213395206378355,18.199999999999999,18.328991323199045,17.800000000000001,17.939432682702844,18.075225698488985,17.300000000000001,17.452484382082588,17.60098840353508,17.0,17.160315401710438,17.31644602656274,25.300000000000001,25.243657192006633,27.600000000000001,27.483619374859796,30.300000000000001,30.113140198209159,31.899999999999999,31.671374760193967,31.448717416189076,33.100000000000001,32.840050681682577,32.899999999999999,32.645271361434474,32.397192006096887,27.300000000000001,27.191450394487642,25.600000000000001,25.535826172378783,23.800000000000001,23.782812290145873,23.766073237935831,22.100000000000001,22.127188068037015,22.153666435092557,21.199999999999999,21.250681126920558,21.300039304175531,20.600000000000001,20.666343166176258,20.730954550230848,20.100000000000001,20.179394865556006,20.256717255276946,19.800000000000001,19.887225885183852,19.9721748783046,19.0,19.108108604191447,19.213395206378355,18.5,18.621160303571195,18.199999999999999,18.328991323199045,18.45461553445211,18.100000000000001,18.231601663074994,19.899999999999999,19.9846155453079,25.699999999999999,25.633215832502835,25.568174958760668,28.600000000000001,28.4575159761003,28.318751269493312,27.699999999999999,27.581009034983843,25.399999999999999,25.341046852130681,27.0,26.899281414115492,27.800000000000001,27.678398695107894,27.559971597567063,26.100000000000001,26.022774472999039,25.100000000000001,25.048877871758531,24.999090204815982,22.699999999999999,22.711526028781318,22.722751189037243,21.5,21.542850107292711,21.584581681147874,20.5,20.568953506052207,19.800000000000001,19.887225885183852,19.399999999999999,19.497667244687648,19.592785042341475,18.699999999999999
27.0,19.5,19.594998335028549,19.687584686502106,18.600000000000001,18.717849106032517,18.832706053248394,18.100000000000001,18.230543978812491,18.357773479218551,17.600000000000001,17.743238851592473,17.882840905188715,19.899999999999999,19.984842436804563,20.067530745725975,26.0,25.92996498888882,25.861708148890038,29.399999999999999,29.243639853984959,29.091249652292959,31.300000000000001,31.095399337421036,30.89599343360635,32.0,31.777626515529064,31.560899037248127,27.600000000000001,27.489341395992888,27.381492385785535,25.300000000000001,25.247737810780791,25.196802545248261,23.199999999999999,23.201056276456704,23.202085734322928,21.899999999999999,21.934062945684651,21.967261041845347,21.100000000000001,21.154374742132617,21.207368923397595,20.699999999999999,20.764530640356597,20.82742286417372,20.300000000000001,20.374686538580583,20.447476804949851,19.800000000000001,19.887381411360565,19.972544230920015,19.199999999999999,19.302615258696541,19.402625142084204,18.800000000000001,18.91277115692052,19.022679082860328,18.5,18.620388080588512,18.737719538442427,20.5,20.569608589468594,20.637449834561792,27.399999999999999,27.294419345104878,27.191519356173593,29.399999999999999,29.243639853984959,29.091249652292959,26.699999999999999,26.612192166996849,26.526613752531816,26.5,26.417270116108838,26.336640722919881,26.300000000000001,26.222348065220835,26.146667693307947,25.300000000000001,25.247737810780791,25.196802545248261,23.5,23.493439352788712,23.48704527874083,22.0,22.031523971128657,22.062247556651315,21.199999999999999,21.251835767576623,21.30235543820357,20.199999999999999,20.277225513136578,20.352490290143884,19.800000000000001,19.887381411360565,19.972544230920015
28.0,19.399999999999999,19.505808780304722,19.608683486656975,18.5,18.630765750318169,18.100000000000001,18.241857736990809,17.800000000000001,17.950176726995291,17.5,17.65849571699977,17.399999999999999,17.561268713667932,24.100000000000001,24.075477936901187,26.300000000000001,26.214472010201657,28.800000000000001,28.645147093497648,30.600000000000001,30.395233153470759,30.196144484773271,33.0,32.728681233434912,33.5,33.21481625009411,30.5,30.298006150138921,30.101613583004376,26.300000000000001,26.214472010201657,24.399999999999999,24.367158946896701,22.899999999999999,22.908753896919109,21.600000000000001,21.644802853605196,21.688363325572677,20.800000000000001,20.86698682695048,20.5,20.575305816954959,20.100000000000001,20.186397803627603,19.899999999999999,19.99194379696392,19.600000000000001,19.700262786968405,19.199999999999999,19.311354773641042,19.0,19.116900766977366,18.699999999999999,18.825219756981845,18.5,18.630765750318169,18.300000000000001,18.436311743654489,18.568843567199128,18.199999999999999,18.339084740322647,25.100000000000001,25.047747970219582,27.800000000000001,27.67287706017925,28.899999999999999,28.742374096829483,28.589119154702043,27.899999999999999,27.770104063511088,25.600000000000001,25.53388298687878,27.199999999999999,27.089515040188211,27.300000000000001,27.186742043520052,27.076624726399722,26.0,25.922791000206136,24.899999999999999,24.853293963555899,24.807883083946226,22.399999999999999,22.422618880259911,21.399999999999999,21.450348846941516,20.899999999999999,20.964213830282315,21.026647013190406,19.800000000000001,19.894716793632082,19.699999999999999,19.797489790300244,19.892276191963663,19.399999999999999,19.505808780304722
29.0,19.800000000000001,19.879952725752052,19.957541887626679,20.032837357340572,18.800000000000001,18.909514743246696,19.015792009737613,19.11892750581724,18.100000000000001,18.230208155492949,18.356567095215269,18.479190609750912,19.0,19.103602339747766,19.204141985315424,19.301709476121907,24.5,24.441011243527225,24.383766313705284,24.328213659500218,26.5,26.381887208537936,26.267266069483412,26.156033362546875,28.0,27.837544182295968,27.679890886317011,27.526898139831872,25.600000000000001,25.508493024283116,25.419691179383253,25.33351449617588,22.899999999999999,22.888310471518654,22.876966509082777,22.865957897062888,21.800000000000001,21.820828690762763,21.841041643404807,21.860657060387229,21.100000000000001,21.141522103009017,21.181816728882463,21.220920164320901,20.699999999999999,20.753346910006872,20.805116777726838,20.855356223711567,20.199999999999999,20.268127918754193,20.334241838782301,20.398401297949899,19.600000000000001,19.685865129250981,19.769191912048864,19.850055387035905,19.100000000000001,19.200646137998305,19.298316973104335,19.393100461274244,20.199999999999999,20.268127918754193,20.334241838782301,20.398401297949899,26.399999999999999,26.284843410287397,26.173091081694505,26.064642377394541,26.300000000000001,26.187799612036866,26.078916093905601,25.973251392242211,25.399999999999999,25.314405427782042,25.231341203805439,25.150732525871213,25.0,24.926230234779901,24.854641252649813,24.785168585261882,23.600000000000001,23.567617059272404,23.536191423605125,23.505694793129223,21.899999999999999,21.917872489013298,21.935216631193715,21.952048045539563,21.100000000000001,21.141522103009017,21.181816728882463,21.220920164320901,20.5,20.559259313505802,20.616766802149023,20.6725742534069
30.0,20.100000000000001,20.11357721387283,18.5,18.624354770710813,18.740099717871317,18.847830950992584,17.800000000000001,17.972819951827432,18.133674546132177,18.283392216084891,18.422744037479582,17.199999999999999,17.414361535641675,17.613881541784334,17.799587586164005,17.972436091864662,21.600000000000001,21.509723254337217,21.425696907001814,21.347488205583808,21.2746943597074,24.300000000000001,24.02278612717312,23.764765426567088,23.52460904022778,23.301080114974539,24.600000000000001,24.302015335265999,24.024661928741008,23.766511355188221,23.526234087782001,21.600000000000001,21.509723254337217,21.425696907001814,21.347488205583808,21.2746943597074,21.100000000000001,21.044341240849089,20.992536070045283,20.944317680649739,20.899437738361634,20.199999999999999,20.206653616570453,20.212846563523524,20.218610735768415,20.223975819939255,19.600000000000001,19.648195200384698,19.693053559175688,19.734806105847536,19.773667874324339,18.899999999999999,18.996660381501314,19.086628387436541,19.170367370939836,19.248308604440261,18.399999999999999,18.531278368013187,18.653467550480013,18.767196846005771,18.873051983094498,23.899999999999999,23.650480516382611,23.418236757001857,23.202072620280521,23.000874817897923,22.699999999999999,22.533563684011103,22.378650748306185,22.23446336043876,22.100258926668086,21.699999999999999,21.602799657034844,21.512329074393122,21.428122310570625,21.349745683976558,22.899999999999999,22.719716489406352,22.551915083088794,22.395731570412384,22.250361575206391,20.899999999999999,20.858188435453833,20.819271735262667,20.783049470676112,20.74933508982333,20.699999999999999,20.672035630058584,20.646007400480059,20.621781260702488,20.599232441285025,19.899999999999999,19.927424408477574,19.952950061349604,19.976708420807974,19.998821847131797
31.0,20.922916666666666,20.936503429069493,19.199999999999999,19.332262710647626,19.4554150546088,19.570084561598851,19.676855536558833,19.776272037014301,18.199999999999999,18.401143551225019,18.588432165564935,18.762820182718546,18.92519620666399,19.076387633590457,24.5,24.267194255587444,24.050424366541272,23.848585769664467,23.660649985001498,23.485659375160687,23.399999999999999,23.242963180222574,23.09674318859302,22.96059495289613,22.833824722117171,22.715786531394457,23.899999999999999,23.708522759933878,23.530234633114951,23.364227142336279,23.209654387064589,23.065728733106376,21.0,21.008277197608319,21.015984254887751,21.0231604435834,21.029842330369551,21.036063963177227,21.600000000000001,21.566948693261885,21.536173988314072,21.507519070911584,21.480837928306457,21.455994605231535,20.800000000000001,20.822053365723797,20.842587677078978,20.861707567807336,20.879510464390577,20.896087082492453,20.100000000000001,20.170269954127974,20.235699654748277,20.296622502591127,20.353348933464193,20.406168000095768,19.199999999999999,19.332262710647626,19.4554150546088,19.570084561598851,19.676855536558833,19.776272037014301,22.100000000000001,22.032508272973189,21.969665432836003,21.911151260351737,21.856667593253878,21.805936806943457,21.899999999999999,21.846284441088663,21.796268855027225,21.74969838457567,21.706335727274901,21.66595992625868,23.699999999999999,23.522298928049356,23.356838055306177,23.202774266560219,23.059322521085619,22.925751852421605,21.600000000000001,21.566948693261885,21.536173988314072,21.507519070911584,21.480837928306457,21.455994605231535,21.699999999999999,21.660060609204145,21.622872277218455,21.588245508799613,21.556003861295938,21.525983045573916,20.800000000000001,20.822053365723797,20.842587677078978,20.861707567807336
32.0,20.499999999999996,20.511764881670388,18.699999999999999,18.860045423634411,19.00690661273806,19.141669659222948,18.0,18.217710078842639,18.417485619639827,18.600804035181145,17.5,17.758899118277089,17.99647062456966,18.214471446579857,25.0,24.641063526760341,24.311695550622144,24.00946027559915,23.300000000000001,23.081106260837473,22.880244567383581,22.695929474354777,22.526797904596229,25.399999999999999,25.008112295212779,24.648507546678275,24.318526346480176,24.100000000000001,23.815203797742353,23.553868559495847,23.314061616116835,22.0,21.888197763367042,21.785605580201153,21.691464743991435,21.5,21.429386802801492,21.364590585130987,21.305132155390147,20.899999999999999,20.878813650122829,20.859372591046785,20.841533049068602,20.825163094286484,20.300000000000001,20.32824049744417,20.354154596962587,20.37793394274706,19.699999999999999,19.777667344765511,19.848936602878389,19.914334836425517,19.100000000000001,19.227094192086852,19.343718608794191,19.450735730103975,18.5,18.67652103940819,18.838500614709993,18.987136623782433,21.300000000000001,21.245862418575271,21.19618458710292,21.150599119949632,22.399999999999999,22.255246531819481,22.122417576257284,22.000530814872462,22.199999999999999,22.07172214759326,21.954011578229217,21.845997779431947,23.600000000000001,23.356392837176802,23.13285356442568,22.927729027515547,22.739502255884943,23.600000000000001,23.356392837176802,23.13285356442568,22.927729027515547,20.800000000000001,20.787051458009721,20.775169592032753,20.764266531348348,21.300000000000001,21.245862418575271,21.19618458710292,21.150599119949632,20.5,20.511764881670391,20.522560594990654,20.532466978187575,20.100000000000001,20.144716113217953,20.185748598934524
33.0,21.429861111111123,21.442780095381295,19.399999999999999,19.506373681575177,19.607849924523439,19.704654206657995,19.797001624805556,19.885097372746404,18.399999999999999,18.552413628246136,18.697810141175893,18.83651260640422,18.968829217530306,19.095053978936463,25.199999999999999,25.039341990883628,24.886080667939236,24.739875488129925,24.60040158700205,24.467349056844093,24.0,23.894589926888777,23.794032927922174,23.698105567825387,23.606594698271742,23.51929698427216,24.0,23.894589926888777,23.794032927922174,23.698105567825387,23.606594698271742,23.51929698427216,22.600000000000001,22.559045852228117,22.519977231235604,22.482707327470095,22.447153328086383,22.413236232938235,21.699999999999999,21.700481804231977,21.700941426222808,21.701379887241693,21.701798161538651,21.702197178509284,21.0,21.032709766901647,21.063913577879521,21.093680767064047,21.12207747644597,21.14916680284232,20.300000000000001,20.364937729571317,20.426885729536238,20.485981646886401,20.542356791353292,20.59613642717536,19.5,19.601769686908082,19.698853902858197,19.791468366683375,19.879818865533085,19.964101712127402,25.100000000000001,24.943945985550727,24.795076689604482,24.653061328104545,24.517584346274525,24.388344717463099,24.265055274269926,22.399999999999999,22.368253841562307,22.337969274566095,22.309079007419342,22.281518846631332,22.255227554176248,23.600000000000001,23.513005905557161,23.430017014583157,23.350848927723877,23.275325735361641,23.203279626748181,23.134550517133135,22.100000000000001,22.082065825563596,22.064957339561829,22.048636527343206,22.033067124448753,22.018214536033259,21.5,21.509689793566167,21.518933469553296,21.527751567190936,21.5361636800836,21.544188499747296,21.55184385714163,20.600000000000001
34.0,21.08541666666666,19.100000000000001,19.218767516130757,19.331297446069073,18.399999999999999,18.555531022491387,18.702893665361863,17.800000000000001,17.987042599371929,18.164261853327115,17.5,17.702798387812198,17.89494594730974,23.300000000000001,23.198186477966974,23.101720130312319,28.300000000000001,27.935590003962474,27.590318563935238,25.699999999999999,25.472140170444813,25.25624737845132,27.199999999999999,26.893361228243464,26.602826908538194,26.300000000000001,26.040628593564275,25.794879190486071,25.300000000000001,25.093147888365174,24.897159503761486,23.300000000000001,23.198186477966974,23.101720130312319,21.199999999999999,21.208476997048866,21.216508788190694,21.199999999999999,21.208476997048866,21.216508788190694,20.800000000000001,20.829484714969226,20.857420913500864,20.399999999999999,20.450492432889586,20.49833303881103,20.100000000000001,20.166248221329859,20.229017132793658,19.699999999999999,19.787255939250215,19.86992925810382,19.300000000000001,19.408263657170576,19.510841383413986,18.800000000000001,18.934523304571027,19.061981540051697,18.600000000000001,18.745027163531208,18.88243760270678,25.0,24.808903676805443,24.627843597744111,23.300000000000001,23.198186477966974,23.101720130312319,23.899999999999999,23.766674901086432,23.640351942347067,22.5,22.440201913807694,22.383544380932655,25.5,25.282644029404995,25.076703441106403,24.800000000000001,24.619407535765625,24.448299660399197,23.5,23.387682619006796,23.281264067657236,21.300000000000001,21.303225067568775,21.306280756863153,21.5,21.492721208608597,21.485824694208073,20.800000000000001,20.829484714969226,20.857420913500864,20.399999999999999,20.450492432889586,20.49833303881103,20.0,20.071500150809946
35.0,21.170833333333334,21.183810654675757,19.0,19.116355869297891,19.227170686397344,19.332708325047495,19.43322009290841,19.528945329968295,18.0,18.163977465285058,18.320146061967311,18.468877660832479,18.610526423585963,18.745429646187521,24.399999999999999,24.259199250967207,24.125103658319542,23.997393911808604,23.875765907249633,24.100000000000001,23.973485729763357,23.852996270990534,23.738244712544102,23.628957806452902,25.100000000000001,24.925864133776194,24.76002089542057,24.602075376759121,24.45165147577535,24.100000000000001,23.973485729763357,23.852996270990534,23.738244712544102,23.628957806452902,23.524875317250267,22.100000000000001,22.068728921737684,22.038947022130458,22.010583384114057,21.983570467808001,21.957843949688705,21.300000000000001,21.306826198527414,21.313327322586428,21.319518852742043,21.325415532350043,21.331031402664085,20.600000000000001,20.64016131571843,20.678410085485403,20.714837387791526,20.749529963824326,20.782570424017539,19.699999999999999,19.783020752106875,19.862087923498368,19.937389789998008,20.009105661434123,20.07740630861484,19.100000000000001,19.211593709699176,19.317873148840349,19.419091391468999,19.515489459840655,19.607296898346373,22.800000000000001,22.735393804546668,22.673864259231483,22.61526484906457,22.559456036333714,22.399999999999999,22.354442442941533,22.311054409459469,22.269732583378566,22.230378568604738,24.300000000000001,24.163961410565925,24.034401195876541,23.911010845387104,23.793496540317388,22.600000000000001,22.544918123744104,22.49245933434548,22.442498716221571,22.394917302469228,22.100000000000001,22.068728921737684,22.038947022130458,22.010583384114057,21.983570467808001,21.100000000000001,21.11635051772485,21.131922397700425,21.146752719899041,21.160876798485557,20.399999999999999
36.0,19.399999999999999,19.612656158824027,18.800000000000001,19.065577296443102,18.399999999999999,18.700858054855811,18.0,18.336138813268526,17.699999999999999,18.062599382078062,17.5,17.880239761284422,20.300000000000001,20.433274452395423,26.399999999999999,25.995242886601535,30.600000000000001,29.82479492326804,23.699999999999999,23.533388005887353,24.800000000000001,24.536365920252393,24.699999999999999,24.899999999999999,24.699999999999999,24.44518610985557,24.199999999999999,23.989287057871461,23.699999999999999,23.5,23.351028385093713,22.600000000000001,22.53041009152232,21.899999999999999,21.892151418744564,21.899999999999999,21.892151418744564,21.600000000000001,21.618611987554104,21.300000000000001,21.34507255636364,21.0,21.071533125173172,20.800000000000001,20.889173504379531,20.5,20.615634073189067,20.199999999999999,20.3420946419986,19.899999999999999,20.068555210808135,19.699999999999999,19.886195590014491,19.199999999999999,19.430296538030387,18.899999999999999,19.156757106839919,18.699999999999999,18.974397486046279,18.699999999999999,18.974397486046279,27.399999999999999,26.907040990569751,29.0,28.365917956918896,23.0,23.600000000000001,23.442208195490533,22.5,22.439230281125496,22.300000000000001,22.600000000000001,22.53041009152232,24.0,24.0,23.806927437077817,23.300000000000001,23.168668764300069,23.100000000000001,22.986309143506428,22.199999999999999,22.165690849935032,21.800000000000001,22.5,22.439230281125496,21.899999999999999,21.892151418744564,21.399999999999999,21.43625236676046,20.899999999999999,20.980353314776352,20.600000000000001,20.5,20.615634073189067,20.100000000000001,20.250914831601779
37.0,19.0,19.19432057615785,18.399999999999999,18.632735716424769,18.0,18.258345809936049,17.600000000000001,17.88395590344733,17.300000000000001,17.603163473580789,17.100000000000001,17.415968520336431,19.800000000000001,19.943100389135289,27.199999999999999,26.869313659176598,30.699999999999999,30.145225340952894,25.300000000000001,25.090961603355179,27.100000000000001,26.775716182554419,27.0,26.68211870593224,26.399999999999999,26.120533846199159,25.699999999999999,25.465351509843899,25.300000000000001,25.090961603355179,24.300000000000001,24.154986837133382,22.800000000000001,22.751024687800683,21.800000000000001,21.815049921578886,21.600000000000001,21.627854968334525,21.199999999999999,21.253465061845805,21.0,21.066270108601444,20.699999999999999,20.785477678734907,20.399999999999999,20.504685248868366,20.199999999999999,20.317490295624005,19.899999999999999,20.036697865757464,19.5,19.662307959268748,19.300000000000001,19.475113006024387,18.899999999999999,19.100723099535667,18.699999999999999,18.913528146291309,18.600000000000001,18.81993066966913,22.199999999999999,22.189439828067602,29.600000000000001,29.115653098108915,23.300000000000001,23.219012070911582,25.100000000000001,24.903766650110821,23.300000000000001,23.219012070911582,22.800000000000001,22.751024687800683,24.100000000000001,23.967791883889024,25.800000000000001,25.558948986466081,24.699999999999999,24.529376743622102,24.0,23.874194407266842,22.899999999999999,22.844622164422862,22.199999999999999,22.189439828067602,22.199999999999999,22.189439828067602,21.699999999999999,21.721452444956704,20.899999999999999,20.972672631979265,20.5,20.598282725490545,20.300000000000001,20.411087772246187,20.0,20.130295342379647
38.0,18.199999999999999,18.446177503768922,17.699999999999999,17.5,17.300000000000001,17.100000000000001,16.899999999999999,16.699999999999999,16.5,16.5,16.399999999999999,16.399999999999999,19.199999999999999,24.699999999999999,26.600000000000001,28.300000000000001,30.199999999999999,26.100000000000001,24.399999999999999,25.300000000000001,26.0,25.399999999999999,24.600000000000001,24.899999999999999,24.300000000000001,24.199999999999999,24.0,24.0,23.899999999999999,23.800000000000001,23.600000000000001,23.600000000000001,23.100000000000001,22.300000000000001,21.600000000000001,21.699999999999999,21.399999999999999,20.899999999999999,20.5,20.5,20.300000000000001,20.100000000000001,20.0,19.899999999999999,19.800000000000001,19.699999999999999,19.5,19.399999999999999,19.199999999999999,19.0,18.899999999999999,18.699999999999999,18.5,18.399999999999999,18.300000000000001,18.0,17.899999999999999,17.899999999999999,17.899999999999999,17.899999999999999,21.100000000000001,27.199999999999999,29.100000000000001,28.199999999999999,22.0,23.399999999999999,24.300000000000001,23.399999999999999,22.399999999999999,22.5,22.199999999999999,22.5,23.199999999999999,24.199999999999999,24.0,23.899999999999999,23.5,24.0,23.699999999999999,23.699999999999999,23.399999999999999,23.0,22.399999999999999,22.300000000000001,21.899999999999999,21.600000000000001,21.300000000000001,20.899999999999999,20.600000000000001,20.300000000000001,20.100000000000001,19.899999999999999,19.800000000000001,19.699999999999999,19.399999999999999,19.0
39.0,21.496527777777779,18.600000000000001,18.801162046243714,18.100000000000001,18.333414354302359,17.800000000000001,18.052765739137548,17.399999999999999,17.678567585584464,17.100000000000001,17.397918970419653,17.0,17.304369432031383,25.0,24.788332503093027,27.300000000000001,26.939971886023251,26.800000000000001,26.472224194081896,24.699999999999999,24.507683887928216,24.899999999999999,24.694782964704757,24.899999999999999,24.694782964704757,24.5,24.320584811151676,23.699999999999999,23.57218850404551,23.199999999999999,23.104440812104155,22.699999999999999,22.636693120162803,22.0,21.981846351444911,21.899999999999999,21.888296813056638,21.399999999999999,21.420549121115286,21.300000000000001,21.326999582727016,21.199999999999999,21.233450044338745,21.0,21.046350967562205,20.800000000000001,20.859251890785664,20.5,20.578603275620853,20.199999999999999,20.297954660456039,19.899999999999999,20.017306045291228,19.5,19.643107891738147,19.199999999999999,19.362459276573336,19.100000000000001,19.268909738185066,19.100000000000001,19.268909738185066,27.399999999999999,27.033521424411518,28.600000000000001,28.156115885070768,23.600000000000001,23.47863896565724,23.600000000000001,23.47863896565724,22.699999999999999,22.636693120162803,22.699999999999999,22.636693120162803,24.100000000000001,23.946386657598595,23.800000000000001,23.66573804243378,23.199999999999999,23.104440812104155,22.600000000000001,22.543143581774537,22.100000000000001,22.075395889833182,22.600000000000001,22.543143581774537,22.300000000000001,22.262494966609722,21.800000000000001,21.794747274668371,21.199999999999999,21.233450044338745,20.899999999999999,20.952801429173935,20.699999999999999,20.765702352397394,19.899999999999999
40.0,20.523611111111112,18.0,18.197792718105529,17.600000000000001,17.826661911809051,17.300000000000001,17.548313807086693,16.899999999999999,17.177183000790208,16.600000000000001,16.898834896067854,16.399999999999999,16.713269492919608,24.899999999999999,24.599799126719802,27.199999999999999,26.733801262924562,22.100000000000001,22.001883482644448,21.699999999999999,21.630752676347967,21.800000000000001,21.723535377922087,22.100000000000001,22.001883482644448,23.100000000000001,22.929710498385646,24.899999999999999,24.599799126719802,25.199999999999999,24.878147231442163,24.600000000000001,24.321451021997447,21.300000000000001,21.259621870051486,21.699999999999999,21.630752676347967,20.899999999999999,20.888491063755005,20.5,20.517360257458527,20.300000000000001,20.331794854310289,20.100000000000001,20.14622945116205,19.800000000000001,19.867881346439688,19.5,19.58953324171733,19.199999999999999,19.311185136994968,18.899999999999999,19.032837032272607,18.5,18.661706225976129,18.199999999999999,18.383358121253771,18.0,18.197792718105529,18.0,18.197792718105529,27.300000000000001,26.826583964498681,24.600000000000001,24.321451021997447,21.399999999999999,21.352404571625605,21.600000000000001,21.537969974773848,21.399999999999999,21.352404571625605,21.399999999999999,21.352404571625605,22.699999999999999,22.558579692089165,25.300000000000001,24.970929933016283,26.0,25.620408844035122,26.300000000000001,25.898756948757484,24.699999999999999,24.414233723571563,22.699999999999999,22.558579692089165,21.800000000000001,21.723535377922087,21.199999999999999,21.166839168477367,20.600000000000001,20.61014295903265,20.199999999999999,20.239012152736166,20.0,20.053446749587927,19.5
41.0,20.918749999999996,18.100000000000001,18.335635512319715,17.699999999999999,17.967212989015216,17.399999999999999,17.690896096536846,17.0,17.322473573232351,16.699999999999999,17.046156680753977,16.600000000000001,16.954051049927855,24.699999999999999,24.414607146843895,27.399999999999999,26.901459179149242,23.800000000000001,23.585656469408782,22.399999999999999,22.296177637843044,22.199999999999999,22.111966376190797,22.300000000000001,22.204072007016922,22.5,22.38828326866917,22.699999999999999,22.572494530321418,22.600000000000001,22.480388899495296,22.600000000000001,22.480388899495296,21.800000000000001,21.743543852886301,21.899999999999999,21.835649483712423,21.199999999999999,21.190910067929558,20.899999999999999,20.914593175451184,20.600000000000001,20.638276282972814,20.5,20.546170652146689,20.199999999999999,20.269853759668315,19.899999999999999,19.993536867189945,19.600000000000001,19.717219974711576,19.300000000000001,19.440903082233202,18.800000000000001,18.980374928102581,18.5,18.704058035624211,18.399999999999999,18.611952404798085,18.5,18.704058035624211,27.199999999999999,26.717247917496994,26.199999999999999,25.796191609235755,21.899999999999999,21.835649483712423,21.899999999999999,21.835649483712423,21.399999999999999,21.375121329581805,21.399999999999999,21.375121329581805,22.300000000000001,22.204072007016922,22.399999999999999,22.296177637843044,22.800000000000001,22.664600161147543,23.0,22.848811422799788,22.600000000000001,22.480388899495296,22.800000000000001,22.664600161147543,22.199999999999999,22.111966376190797,21.699999999999999,21.651438222060175,21.199999999999999,21.190910067929558,20.800000000000001,20.822487544625062,20.600000000000001,20.638276282972814,20.0
42.0,20.683333333333323,18.300000000000001,18.564491250496211,17.800000000000001,18.117063125599767,17.600000000000001,17.938091875641192,17.100000000000001,17.490663750744751,16.800000000000001,17.222206875806886,16.699999999999999,17.132721250827597,24.600000000000001,24.202085624191366,27.199999999999999,26.528711873652856,23.399999999999999,23.128258124439903,21.899999999999999,21.785973749750582,21.800000000000001,21.696488124771296,21.899999999999999,21.600000000000001,21.517516874812721,21.5,21.428031249833431,21.899999999999999,21.785973749750582,21.800000000000001,21.696488124771296,21.5,21.428031249833431,21.100000000000001,21.07008874991628,21.600000000000001,21.517516874812721,20.899999999999999,20.891117499957701,20.5,20.533175000040547,20.399999999999999,20.443689375061258,20.100000000000001,20.175232500123396,19.899999999999999,19.996261250164817,19.699999999999999,19.817290000206242,19.399999999999999,19.548833125268377,19.100000000000001,19.280376250330516,18.600000000000001,18.832948125434076,18.399999999999999,18.653976875475497,18.5,18.743462500454786,21.399999999999999,21.338545624854142,28.300000000000001,27.513053748425026,20.300000000000001,20.354203750081972,22.100000000000001,21.964944999709161,21.0,20.980603124936991,20.899999999999999,20.891117499957701,21.399999999999999,21.338545624854142,21.399999999999999,21.338545624854142,21.600000000000001,21.517516874812721,22.0,21.875459374729871,22.199999999999999,22.054430624688447,21.600000000000001,21.517516874812721,22.199999999999999,22.054430624688447,21.699999999999999,21.607002499792006,21.300000000000001,21.249059999874856,20.899999999999999,20.891117499957701,20.600000000000001,20.622660625019837,20.300000000000001,20.354203750081972
43.0,20.295138888888889,17.899999999999999,18.156867417211789,17.5,17.797671181046034,17.199999999999999,17.52827400392172,16.800000000000001,17.169077767755965,16.5,16.899680590631647,16.399999999999999,19.699999999999999,19.773250479957689,25.5,24.981595904361143,27.5,26.777577085189922,20.0,20.042647657082007,20.699999999999999,20.671241070372076,20.5,20.491642952289201,20.899999999999999,20.850839188454955,21.899999999999999,21.748829778869343,23.199999999999999,22.916217546408049,23.199999999999999,22.916217546408049,22.300000000000001,22.108026015035101,20.5,20.491642952289201,21.600000000000001,21.479432601745028,20.699999999999999,20.671241070372076,20.399999999999999,20.401843893247761,20.199999999999999,20.222245775164883,20.0,20.042647657082007,19.699999999999999,19.773250479957689,19.5,19.59365236187481,19.100000000000001,19.234456125709059,18.800000000000001,18.965058948584741,18.300000000000001,18.516063653377547,18.100000000000001,18.336465535294668,18.199999999999999,18.426264594336107,21.5,21.389633542703589,28.100000000000001,27.316371439438555,19.399999999999999,19.50385330283337,20.300000000000001,20.312044834206322,20.0,20.042647657082007,19.899999999999999,19.952848598040564,20.399999999999999,20.401843893247761,21.899999999999999,21.748829778869343,22.800000000000001,22.557021310242295,23.300000000000001,23.006016605449489,23.600000000000001,23.275413782573807,22.0,21.838628837910782,22.100000000000001,21.928427896952222,21.600000000000001,21.479432601745028,21.100000000000001,21.030437306537834,20.699999999999999,20.671241070372076,20.399999999999999,20.401843893247761,20.100000000000001,20.132446716123447
44.0,20.018750000000008,17.899999999999999,18.088528346450644,18.261169818681196,17.399999999999999,17.630662260313436,17.0,17.264369391403672,17.506460948476622,16.5,16.806503305266467,17.087178242807415,18.899999999999999,19.004260518725054,19.099735230019608,25.300000000000001,24.864946421281299,24.466553862585464,20.199999999999999,20.194712342681793,20.189870264759548,20.5,20.469431994364118,20.441439888161074,20.800000000000001,20.744151646046443,20.6930095115626,21.899999999999999,21.751457035548295,21.615431464034856,22.199999999999999,22.026176687230617,21.867001087436378,20.800000000000001,20.744151646046443,20.6930095115626,21.800000000000001,21.659883818320854,21.531574922901012,20.5,20.469431994364118,20.441439888161074,20.199999999999999,20.194712342681793,20.189870264759548,19.899999999999999,19.919992690999468,19.938300641358023,19.5,19.553699822089705,19.602874476822659,19.100000000000001,19.187406953179941,19.267448312287296,18.300000000000001,18.454821215360411,18.596595983216563,18.199999999999999,18.363247998132966,18.512739442082719,20.899999999999999,20.835724863273882,20.776866052696437,23.800000000000001,23.491348162869681,23.208705745577845,20.100000000000001,20.103139125454355,20.106013723625711,20.199999999999999,20.194712342681793,20.189870264759548,20.399999999999999,20.377858777136673,20.35758334702723,21.600000000000001,21.476737383865974,21.363861840633334,22.199999999999999,22.026176687230617,21.867001087436378,22.100000000000001,21.934603470003179,21.783144546302537,22.199999999999999,22.026176687230617,21.867001087436378,21.600000000000001,21.476737383865974,21.363861840633334,20.899999999999999,20.835724863273882,20.776866052696437,20.5,20.469431994364118,20.441439888161074
45.0,19.146527777777781,16.300000000000001,16.570298302614038,15.9,16.207281846604079,15.6,15.935019504596609,15.300000000000001,15.66275716258914,14.9,15.299740706579181,14.9,15.299740706579181,22.800000000000001,22.469315712775874,25.300000000000001,24.738168562838116,20.0,19.928200520706159,19.399999999999999,19.383675836691218,19.300000000000001,19.292921722688732,19.899999999999999,19.837446406703666,21.199999999999999,21.017249888736036,22.600000000000001,22.287807484770894,22.899999999999999,22.56006982677836,22.5,22.197053370768401,20.800000000000001,20.654233432726077,21.699999999999999,21.471020458748484,20.100000000000001,20.018954634708649,19.199999999999999,19.202167608686239,19.100000000000001,19.111413494683752,18.899999999999999,18.929905266678769,18.699999999999999,18.74839703867379,18.300000000000001,18.385380582663831,18.199999999999999,18.294626468661342,17.800000000000001,17.931610012651383,17.100000000000001,17.296331214633955,16.800000000000001,17.024068872626486,16.800000000000001,17.024068872626486,17.0,17.205577100631466,25.800000000000001,25.191939132850564,22.600000000000001,22.287807484770894,19.0,19.020659380681259,20.399999999999999,20.291216976716115,20.800000000000001,20.654233432726077,20.699999999999999,20.563479318723587,20.600000000000001,20.472725204721097,22.300000000000001,22.015545142763422,23.5,23.104594510793302,23.600000000000001,23.195348624795791,22.699999999999999,22.378561598773381,22.199999999999999,21.924791028760932,21.600000000000001,21.380266344745994,20.899999999999999,20.744987546728566,20.300000000000001,20.200462862713628,19.800000000000001,19.74669229270118,19.600000000000001,19.565184064696201,19.0
46.0,20.111111111111111,17.600000000000001,17.882142635140259,17.199999999999999,17.525949222595315,16.899999999999999,17.25880416318661,16.5,16.902610750641674,16.199999999999999,16.635465691232969,16.100000000000001,16.546417338096735,23.800000000000001,23.403140529586821,26.300000000000001,25.629349357992695,20.399999999999999,20.375496522954833,20.199999999999999,20.197399816682363,20.199999999999999,20.197399816682363,20.699999999999999,20.642641582363538,20.800000000000001,20.731689935499777,21.5,21.355028407453418,21.600000000000001,21.444076760589656,21.100000000000001,20.998834994908481,20.5,20.464544876091068,22.399999999999999,22.156463585679532,21.100000000000001,20.998834994908481,20.399999999999999,20.375496522954833,20.199999999999999,20.197399816682363,20.0,20.019303110409897,19.800000000000001,19.841206404137427,19.5,19.574061344728722,19.300000000000001,19.395964638456253,19.0,19.128819579047548,18.399999999999999,18.594529460230135,18.100000000000001,18.327384400821433,18.0,18.238336047685198,18.199999999999999,18.416432753957668,27.300000000000001,26.519832889355044,24.300000000000001,23.848382295267996,19.699999999999999,19.752158051001189,20.600000000000001,20.553593229227307,20.600000000000001,20.553593229227307,20.600000000000001,20.553593229227307,20.800000000000001,20.731689935499777,21.399999999999999,21.265980054317183,21.699999999999999,21.533125113725887,21.899999999999999,21.711221819998357,21.300000000000001,21.176931701180951,22.699999999999999,22.423608645088237,22.300000000000001,22.067415232543297,21.800000000000001,21.622173466862122,21.300000000000001,21.176931701180951,20.899999999999999,20.820738288636008,20.699999999999999,20.642641582363538,20.300000000000001
47.0,20.097222222222221,16.800000000000001,16.996503569810478,17.181443225557175,16.5,16.714158079713176,16.915713306296222,15.800000000000001,16.055351936152807,16.295676828020667,15.6,15.86712160942127,16.118523548513366,22.800000000000001,22.643413371756512,22.496041610776206,26.399999999999999,26.031559252924129,25.684800641907621,21.5,21.419916248001538,21.344545293978747,22.199999999999999,22.078722391561907,21.964581772254302,21.800000000000001,21.702261738098837,21.610275213239696,22.100000000000001,21.98460722819614,21.876005132500648,21.399999999999999,21.325801084635767,21.255968654225093,20.600000000000001,20.572879777709634,20.547355536195894,20.800000000000001,20.761110104441165,20.724508815703192,19.899999999999999,19.914073634149261,19.927319057920339,19.800000000000001,19.819958470783494,19.838742418166689,19.300000000000001,19.34938265395466,19.395859219398439,19.199999999999999,19.255267490588889,19.307282579644784,18.5,18.596461347028519,18.687246101369229,17.800000000000001,17.93765520346815,18.067209623093678,18.100000000000001,18.220000693565453,18.33293954235463,25.699999999999999,25.37275310936376,25.06476416363207,21.899999999999999,21.796376901464605,21.698851852993347,22.199999999999999,22.078722391561907,21.964581772254302,21.199999999999999,21.137570757904236,21.078815374717795,21.300000000000001,21.231685921270003,21.167392014471446,21.699999999999999,21.60814657473307,22.100000000000001,21.98460722819614,21.876005132500648,21.800000000000001,21.702261738098837,21.610275213239696,22.199999999999999,22.078722391561907,21.964581772254302,21.600000000000001,21.514031411367306,21.433121933732398,20.899999999999999,20.855225267806933,20.813085455456843,20.600000000000001,20.572879777709634,20.547355536195894
48.0,19.806250000000006,16.199999999999999,16.346648933774144,16.48745148294271,15.800000000000001,15.96259554710468,16.118708973411998,15.199999999999999,15.386515467100482,15.565595209115925,15.0,15.19448877376575,15.381223954350569,21.600000000000001,21.531369653811922,21.465475361607346,24.800000000000001,24.603796747167642,24.415415437853063,22.5,22.39548977381822,22.295146008051461,23.0,22.875556507155054,22.756074144964856,21.800000000000001,21.723396347146654,21.649846616372706,21.5,21.435356307144559,21.373289734224677,20.699999999999999,20.667249533805624,20.635804715163239,20.0,19.995156107134065,19.990505323484498,20.199999999999999,20.187182800468797,20.174876578249851,18.899999999999999,18.939009293793035,18.976463422275032,18.800000000000001,18.842995947125665,18.884277794892348,18.300000000000001,18.362929213788838,18.42334965797896,18.300000000000001,18.362929213788838,18.42334965797896,17.600000000000001,17.690835787117273,17.778050266300212,16.899999999999999,17.018742360445707,17.132750874621458,17.100000000000001,17.210769053780446,17.317122129386824,24.0,23.835689973828714,23.67793041879164,22.699999999999999,22.587516467152952,22.479517262816813,22.5,22.39548977381822,22.295146008051461,21.300000000000001,21.243329613809827,21.188918479459318,21.0,20.955289573807725,20.912361597311282,22.0,21.915423040481386,21.800000000000001,21.723396347146654,21.649846616372706,21.300000000000001,21.243329613809827,21.188918479459318,21.699999999999999,21.627383000479291,21.55766098899003,21.0,20.955289573807725,20.912361597311282,20.300000000000001,20.283196147136159,20.267062205632527,19.899999999999999,19.899142760466695,19.898319696101815
49.0,16.5,16.592725592658407,16.682789119010355,16.770267004526058,15.6,15.718563763190692,15.833723670012196,15.945577442043771,15.0,15.135789210212216,15.267680037346757,14.6,14.747272841559898,14.890317615569797,15.029255705952341,22.399999999999999,22.323342030280099,22.248884840220512,22.199999999999999,22.129083845953939,22.06020362933203,21.993300900247206,23.300000000000001,23.197503859747815,23.097950289218673,22.100000000000001,22.031954753790863,21.965863023887795,21.901668726638071,21.300000000000001,21.254922016486226,21.211138180333872,21.168611337764922,19.899999999999999,19.895114726203111,19.890369704114512,21.300000000000001,21.254922016486226,21.211138180333872,18.600000000000001,18.63243652808308,18.663941833339397,18.694542650318063,18.399999999999999,18.438178343756917,18.475260622450911,18.511278303099772,17.899999999999999,17.952532882941519,18.003557595229712,17.699999999999999,17.758274698615363,17.814876384341236,16.899999999999999,16.981241961310726,17.060151540787317,16.600000000000001,16.689854684821491,16.7771297244546,16.800000000000001,16.884112869147646,16.965810935343075,23.399999999999999,23.294632951910895,23.192290894662911,23.300000000000001,23.197503859747815,23.097950289218673,23.001254809947785,22.100000000000001,22.031954753790863,21.965863023887795,21.901668726638071,21.5,21.449180200812386,21.399819391222355,21.351875684983209,22.5,22.420471122443178,22.34322544566475,21.5,21.449180200812386,21.399819391222355,21.399999999999999,21.352051108649302,21.30547878577811,20.800000000000001,20.769276555670828,20.739435153112673,20.100000000000001,20.089372910529271,20.079050915002995,19.699999999999999,19.700856541876952,19.701688493226033,19.199999999999999
